100000 100000
1 50001
2 50002
3 50003
4 50004
5 50005
6 50006
7 50007
8 50008
9 50009
10 50010
11 50011
12 50012
13 50013
14 50014
15 50015
16 50016
17 50017
18 50018
19 50019
20 50020
21 50021
22 50022
23 50023
24 50024
25 50025
26 50026
27 50027
28 50028
29 50029
30 50030
31 50031
32 50032
33 50033
34 50034
35 50035
36 50036
37 50037
38 50038
39 50039
40 50040
41 50041
42 50042
43 50043
44 50044
45 50045
46 50046
47 50047
48 50048
49 50049
50 50050
51 50051
52 50052
53 50053
54 50054
55 50055
56 50056
57 50057
58 50058
59 50059
60 50060
61 50061
62 50062
63 50063
64 50064
65 50065
66 50066
67 50067
68 50068
69 50069
70 50070
71 50071
72 50072
73 50073
74 50074
75 50075
76 50076
77 50077
78 50078
79 50079
80 50080
81 50081
82 50082
83 50083
84 50084
85 50085
86 50086
87 50087
88 50088
89 50089
90 50090
91 50091
92 50092
93 50093
94 50094
95 50095
96 50096
97 50097
98 50098
99 50099
100 50100
101 50101
102 50102
103 50103
104 50104
105 50105
106 50106
107 50107
108 50108
109 50109
110 50110
111 50111
112 50112
113 50113
114 50114
115 50115
116 50116
117 50117
118 50118
119 50119
120 50120
121 50121
122 50122
123 50123
124 50124
125 50125
126 50126
127 50127
128 50128
129 50129
130 50130
131 50131
132 50132
133 50133
134 50134
135 50135
136 50136
137 50137
138 50138
139 50139
140 50140
141 50141
142 50142
143 50143
144 50144
145 50145
146 50146
147 50147
148 50148
149 50149
150 50150
151 50151
152 50152
153 50153
154 50154
155 50155
156 50156
157 50157
158 50158
159 50159
160 50160
161 50161
162 50162
163 50163
164 50164
165 50165
166 50166
167 50167
168 50168
169 50169
170 50170
171 50171
172 50172
173 50173
174 50174
175 50175
176 50176
177 50177
178 50178
179 50179
180 50180
181 50181
182 50182
183 50183
184 50184
185 50185
186 50186
187 50187
188 50188
189 50189
190 50190
191 50191
192 50192
193 50193
194 50194
195 50195
196 50196
197 50197
198 50198
199 50199
200 50200
201 50201
202 50202
203 50203
204 50204
205 50205
206 50206
207 50207
208 50208
209 50209
210 50210
211 50211
212 50212
213 50213
214 50214
215 50215
216 50216
217 50217
218 50218
219 50219
220 50220
221 50221
222 50222
223 50223
224 50224
225 50225
226 50226
227 50227
228 50228
229 50229
230 50230
231 50231
232 50232
233 50233
234 50234
235 50235
236 50236
237 50237
238 50238
239 50239
240 50240
241 50241
242 50242
243 50243
244 50244
245 50245
246 50246
247 50247
248 50248
249 50249
250 50250
251 50251
252 50252
253 50253
254 50254
255 50255
256 50256
257 50257
258 50258
259 50259
260 50260
261 50261
262 50262
263 50263
264 50264
265 50265
266 50266
267 50267
268 50268
269 50269
270 50270
271 50271
272 50272
273 50273
274 50274
275 50275
276 50276
277 50277
278 50278
279 50279
280 50280
281 50281
282 50282
283 50283
284 50284
285 50285
286 50286
287 50287
288 50288
289 50289
290 50290
291 50291
292 50292
293 50293
294 50294
295 50295
296 50296
297 50297
298 50298
299 50299
300 50300
301 50301
302 50302
303 50303
304 50304
305 50305
306 50306
307 50307
308 50308
309 50309
310 50310
311 50311
312 50312
313 50313
314 50314
315 50315
316 50316
317 50317
318 50318
319 50319
320 50320
321 50321
322 50322
323 50323
324 50324
325 50325
326 50326
327 50327
328 50328
329 50329
330 50330
331 50331
332 50332
333 50333
334 50334
335 50335
336 50336
337 50337
338 50338
339 50339
340 50340
341 50341
342 50342
343 50343
344 50344
345 50345
346 50346
347 50347
348 50348
349 50349
350 50350
351 50351
352 50352
353 50353
354 50354
355 50355
356 50356
357 50357
358 50358
359 50359
360 50360
361 50361
362 50362
363 50363
364 50364
365 50365
366 50366
367 50367
368 50368
369 50369
370 50370
371 50371
372 50372
373 50373
374 50374
375 50375
376 50376
377 50377
378 50378
379 50379
380 50380
381 50381
382 50382
383 50383
384 50384
385 50385
386 50386
387 50387
388 50388
389 50389
390 50390
391 50391
392 50392
393 50393
394 50394
395 50395
396 50396
397 50397
398 50398
399 50399
400 50400
401 50401
402 50402
403 50403
404 50404
405 50405
406 50406
407 50407
408 50408
409 50409
410 50410
411 50411
412 50412
413 50413
414 50414
415 50415
416 50416
417 50417
418 50418
419 50419
420 50420
421 50421
422 50422
423 50423
424 50424
425 50425
426 50426
427 50427
428 50428
429 50429
430 50430
431 50431
432 50432
433 50433
434 50434
435 50435
436 50436
437 50437
438 50438
439 50439
440 50440
441 50441
442 50442
443 50443
444 50444
445 50445
446 50446
447 50447
448 50448
449 50449
450 50450
451 50451
452 50452
453 50453
454 50454
455 50455
456 50456
457 50457
458 50458
459 50459
460 50460
461 50461
462 50462
463 50463
464 50464
465 50465
466 50466
467 50467
468 50468
469 50469
470 50470
471 50471
472 50472
473 50473
474 50474
475 50475
476 50476
477 50477
478 50478
479 50479
480 50480
481 50481
482 50482
483 50483
484 50484
485 50485
486 50486
487 50487
488 50488
489 50489
490 50490
491 50491
492 50492
493 50493
494 50494
495 50495
496 50496
497 50497
498 50498
499 50499
500 50500
501 50501
502 50502
503 50503
504 50504
505 50505
506 50506
507 50507
508 50508
509 50509
510 50510
511 50511
512 50512
513 50513
514 50514
515 50515
516 50516
517 50517
518 50518
519 50519
520 50520
521 50521
522 50522
523 50523
524 50524
525 50525
526 50526
527 50527
528 50528
529 50529
530 50530
531 50531
532 50532
533 50533
534 50534
535 50535
536 50536
537 50537
538 50538
539 50539
540 50540
541 50541
542 50542
543 50543
544 50544
545 50545
546 50546
547 50547
548 50548
549 50549
550 50550
551 50551
552 50552
553 50553
554 50554
555 50555
556 50556
557 50557
558 50558
559 50559
560 50560
561 50561
562 50562
563 50563
564 50564
565 50565
566 50566
567 50567
568 50568
569 50569
570 50570
571 50571
572 50572
573 50573
574 50574
575 50575
576 50576
577 50577
578 50578
579 50579
580 50580
581 50581
582 50582
583 50583
584 50584
585 50585
586 50586
587 50587
588 50588
589 50589
590 50590
591 50591
592 50592
593 50593
594 50594
595 50595
596 50596
597 50597
598 50598
599 50599
600 50600
601 50601
602 50602
603 50603
604 50604
605 50605
606 50606
607 50607
608 50608
609 50609
610 50610
611 50611
612 50612
613 50613
614 50614
615 50615
616 50616
617 50617
618 50618
619 50619
620 50620
621 50621
622 50622
623 50623
624 50624
625 50625
626 50626
627 50627
628 50628
629 50629
630 50630
631 50631
632 50632
633 50633
634 50634
635 50635
636 50636
637 50637
638 50638
639 50639
640 50640
641 50641
642 50642
643 50643
644 50644
645 50645
646 50646
647 50647
648 50648
649 50649
650 50650
651 50651
652 50652
653 50653
654 50654
655 50655
656 50656
657 50657
658 50658
659 50659
660 50660
661 50661
662 50662
663 50663
664 50664
665 50665
666 50666
667 50667
668 50668
669 50669
670 50670
671 50671
672 50672
673 50673
674 50674
675 50675
676 50676
677 50677
678 50678
679 50679
680 50680
681 50681
682 50682
683 50683
684 50684
685 50685
686 50686
687 50687
688 50688
689 50689
690 50690
691 50691
692 50692
693 50693
694 50694
695 50695
696 50696
697 50697
698 50698
699 50699
700 50700
701 50701
702 50702
703 50703
704 50704
705 50705
706 50706
707 50707
708 50708
709 50709
710 50710
711 50711
712 50712
713 50713
714 50714
715 50715
716 50716
717 50717
718 50718
719 50719
720 50720
721 50721
722 50722
723 50723
724 50724
725 50725
726 50726
727 50727
728 50728
729 50729
730 50730
731 50731
732 50732
733 50733
734 50734
735 50735
736 50736
737 50737
738 50738
739 50739
740 50740
741 50741
742 50742
743 50743
744 50744
745 50745
746 50746
747 50747
748 50748
749 50749
750 50750
751 50751
752 50752
753 50753
754 50754
755 50755
756 50756
757 50757
758 50758
759 50759
760 50760
761 50761
762 50762
763 50763
764 50764
765 50765
766 50766
767 50767
768 50768
769 50769
770 50770
771 50771
772 50772
773 50773
774 50774
775 50775
776 50776
777 50777
778 50778
779 50779
780 50780
781 50781
782 50782
783 50783
784 50784
785 50785
786 50786
787 50787
788 50788
789 50789
790 50790
791 50791
792 50792
793 50793
794 50794
795 50795
796 50796
797 50797
798 50798
799 50799
800 50800
801 50801
802 50802
803 50803
804 50804
805 50805
806 50806
807 50807
808 50808
809 50809
810 50810
811 50811
812 50812
813 50813
814 50814
815 50815
816 50816
817 50817
818 50818
819 50819
820 50820
821 50821
822 50822
823 50823
824 50824
825 50825
826 50826
827 50827
828 50828
829 50829
830 50830
831 50831
832 50832
833 50833
834 50834
835 50835
836 50836
837 50837
838 50838
839 50839
840 50840
841 50841
842 50842
843 50843
844 50844
845 50845
846 50846
847 50847
848 50848
849 50849
850 50850
851 50851
852 50852
853 50853
854 50854
855 50855
856 50856
857 50857
858 50858
859 50859
860 50860
861 50861
862 50862
863 50863
864 50864
865 50865
866 50866
867 50867
868 50868
869 50869
870 50870
871 50871
872 50872
873 50873
874 50874
875 50875
876 50876
877 50877
878 50878
879 50879
880 50880
881 50881
882 50882
883 50883
884 50884
885 50885
886 50886
887 50887
888 50888
889 50889
890 50890
891 50891
892 50892
893 50893
894 50894
895 50895
896 50896
897 50897
898 50898
899 50899
900 50900
901 50901
902 50902
903 50903
904 50904
905 50905
906 50906
907 50907
908 50908
909 50909
910 50910
911 50911
912 50912
913 50913
914 50914
915 50915
916 50916
917 50917
918 50918
919 50919
920 50920
921 50921
922 50922
923 50923
924 50924
925 50925
926 50926
927 50927
928 50928
929 50929
930 50930
931 50931
932 50932
933 50933
934 50934
935 50935
936 50936
937 50937
938 50938
939 50939
940 50940
941 50941
942 50942
943 50943
944 50944
945 50945
946 50946
947 50947
948 50948
949 50949
950 50950
951 50951
952 50952
953 50953
954 50954
955 50955
956 50956
957 50957
958 50958
959 50959
960 50960
961 50961
962 50962
963 50963
964 50964
965 50965
966 50966
967 50967
968 50968
969 50969
970 50970
971 50971
972 50972
973 50973
974 50974
975 50975
976 50976
977 50977
978 50978
979 50979
980 50980
981 50981
982 50982
983 50983
984 50984
985 50985
986 50986
987 50987
988 50988
989 50989
990 50990
991 50991
992 50992
993 50993
994 50994
995 50995
996 50996
997 50997
998 50998
999 50999
1000 51000
1001 51001
1002 51002
1003 51003
1004 51004
1005 51005
1006 51006
1007 51007
1008 51008
1009 51009
1010 51010
1011 51011
1012 51012
1013 51013
1014 51014
1015 51015
1016 51016
1017 51017
1018 51018
1019 51019
1020 51020
1021 51021
1022 51022
1023 51023
1024 51024
1025 51025
1026 51026
1027 51027
1028 51028
1029 51029
1030 51030
1031 51031
1032 51032
1033 51033
1034 51034
1035 51035
1036 51036
1037 51037
1038 51038
1039 51039
1040 51040
1041 51041
1042 51042
1043 51043
1044 51044
1045 51045
1046 51046
1047 51047
1048 51048
1049 51049
1050 51050
1051 51051
1052 51052
1053 51053
1054 51054
1055 51055
1056 51056
1057 51057
1058 51058
1059 51059
1060 51060
1061 51061
1062 51062
1063 51063
1064 51064
1065 51065
1066 51066
1067 51067
1068 51068
1069 51069
1070 51070
1071 51071
1072 51072
1073 51073
1074 51074
1075 51075
1076 51076
1077 51077
1078 51078
1079 51079
1080 51080
1081 51081
1082 51082
1083 51083
1084 51084
1085 51085
1086 51086
1087 51087
1088 51088
1089 51089
1090 51090
1091 51091
1092 51092
1093 51093
1094 51094
1095 51095
1096 51096
1097 51097
1098 51098
1099 51099
1100 51100
1101 51101
1102 51102
1103 51103
1104 51104
1105 51105
1106 51106
1107 51107
1108 51108
1109 51109
1110 51110
1111 51111
1112 51112
1113 51113
1114 51114
1115 51115
1116 51116
1117 51117
1118 51118
1119 51119
1120 51120
1121 51121
1122 51122
1123 51123
1124 51124
1125 51125
1126 51126
1127 51127
1128 51128
1129 51129
1130 51130
1131 51131
1132 51132
1133 51133
1134 51134
1135 51135
1136 51136
1137 51137
1138 51138
1139 51139
1140 51140
1141 51141
1142 51142
1143 51143
1144 51144
1145 51145
1146 51146
1147 51147
1148 51148
1149 51149
1150 51150
1151 51151
1152 51152
1153 51153
1154 51154
1155 51155
1156 51156
1157 51157
1158 51158
1159 51159
1160 51160
1161 51161
1162 51162
1163 51163
1164 51164
1165 51165
1166 51166
1167 51167
1168 51168
1169 51169
1170 51170
1171 51171
1172 51172
1173 51173
1174 51174
1175 51175
1176 51176
1177 51177
1178 51178
1179 51179
1180 51180
1181 51181
1182 51182
1183 51183
1184 51184
1185 51185
1186 51186
1187 51187
1188 51188
1189 51189
1190 51190
1191 51191
1192 51192
1193 51193
1194 51194
1195 51195
1196 51196
1197 51197
1198 51198
1199 51199
1200 51200
1201 51201
1202 51202
1203 51203
1204 51204
1205 51205
1206 51206
1207 51207
1208 51208
1209 51209
1210 51210
1211 51211
1212 51212
1213 51213
1214 51214
1215 51215
1216 51216
1217 51217
1218 51218
1219 51219
1220 51220
1221 51221
1222 51222
1223 51223
1224 51224
1225 51225
1226 51226
1227 51227
1228 51228
1229 51229
1230 51230
1231 51231
1232 51232
1233 51233
1234 51234
1235 51235
1236 51236
1237 51237
1238 51238
1239 51239
1240 51240
1241 51241
1242 51242
1243 51243
1244 51244
1245 51245
1246 51246
1247 51247
1248 51248
1249 51249
1250 51250
1251 51251
1252 51252
1253 51253
1254 51254
1255 51255
1256 51256
1257 51257
1258 51258
1259 51259
1260 51260
1261 51261
1262 51262
1263 51263
1264 51264
1265 51265
1266 51266
1267 51267
1268 51268
1269 51269
1270 51270
1271 51271
1272 51272
1273 51273
1274 51274
1275 51275
1276 51276
1277 51277
1278 51278
1279 51279
1280 51280
1281 51281
1282 51282
1283 51283
1284 51284
1285 51285
1286 51286
1287 51287
1288 51288
1289 51289
1290 51290
1291 51291
1292 51292
1293 51293
1294 51294
1295 51295
1296 51296
1297 51297
1298 51298
1299 51299
1300 51300
1301 51301
1302 51302
1303 51303
1304 51304
1305 51305
1306 51306
1307 51307
1308 51308
1309 51309
1310 51310
1311 51311
1312 51312
1313 51313
1314 51314
1315 51315
1316 51316
1317 51317
1318 51318
1319 51319
1320 51320
1321 51321
1322 51322
1323 51323
1324 51324
1325 51325
1326 51326
1327 51327
1328 51328
1329 51329
1330 51330
1331 51331
1332 51332
1333 51333
1334 51334
1335 51335
1336 51336
1337 51337
1338 51338
1339 51339
1340 51340
1341 51341
1342 51342
1343 51343
1344 51344
1345 51345
1346 51346
1347 51347
1348 51348
1349 51349
1350 51350
1351 51351
1352 51352
1353 51353
1354 51354
1355 51355
1356 51356
1357 51357
1358 51358
1359 51359
1360 51360
1361 51361
1362 51362
1363 51363
1364 51364
1365 51365
1366 51366
1367 51367
1368 51368
1369 51369
1370 51370
1371 51371
1372 51372
1373 51373
1374 51374
1375 51375
1376 51376
1377 51377
1378 51378
1379 51379
1380 51380
1381 51381
1382 51382
1383 51383
1384 51384
1385 51385
1386 51386
1387 51387
1388 51388
1389 51389
1390 51390
1391 51391
1392 51392
1393 51393
1394 51394
1395 51395
1396 51396
1397 51397
1398 51398
1399 51399
1400 51400
1401 51401
1402 51402
1403 51403
1404 51404
1405 51405
1406 51406
1407 51407
1408 51408
1409 51409
1410 51410
1411 51411
1412 51412
1413 51413
1414 51414
1415 51415
1416 51416
1417 51417
1418 51418
1419 51419
1420 51420
1421 51421
1422 51422
1423 51423
1424 51424
1425 51425
1426 51426
1427 51427
1428 51428
1429 51429
1430 51430
1431 51431
1432 51432
1433 51433
1434 51434
1435 51435
1436 51436
1437 51437
1438 51438
1439 51439
1440 51440
1441 51441
1442 51442
1443 51443
1444 51444
1445 51445
1446 51446
1447 51447
1448 51448
1449 51449
1450 51450
1451 51451
1452 51452
1453 51453
1454 51454
1455 51455
1456 51456
1457 51457
1458 51458
1459 51459
1460 51460
1461 51461
1462 51462
1463 51463
1464 51464
1465 51465
1466 51466
1467 51467
1468 51468
1469 51469
1470 51470
1471 51471
1472 51472
1473 51473
1474 51474
1475 51475
1476 51476
1477 51477
1478 51478
1479 51479
1480 51480
1481 51481
1482 51482
1483 51483
1484 51484
1485 51485
1486 51486
1487 51487
1488 51488
1489 51489
1490 51490
1491 51491
1492 51492
1493 51493
1494 51494
1495 51495
1496 51496
1497 51497
1498 51498
1499 51499
1500 51500
1501 51501
1502 51502
1503 51503
1504 51504
1505 51505
1506 51506
1507 51507
1508 51508
1509 51509
1510 51510
1511 51511
1512 51512
1513 51513
1514 51514
1515 51515
1516 51516
1517 51517
1518 51518
1519 51519
1520 51520
1521 51521
1522 51522
1523 51523
1524 51524
1525 51525
1526 51526
1527 51527
1528 51528
1529 51529
1530 51530
1531 51531
1532 51532
1533 51533
1534 51534
1535 51535
1536 51536
1537 51537
1538 51538
1539 51539
1540 51540
1541 51541
1542 51542
1543 51543
1544 51544
1545 51545
1546 51546
1547 51547
1548 51548
1549 51549
1550 51550
1551 51551
1552 51552
1553 51553
1554 51554
1555 51555
1556 51556
1557 51557
1558 51558
1559 51559
1560 51560
1561 51561
1562 51562
1563 51563
1564 51564
1565 51565
1566 51566
1567 51567
1568 51568
1569 51569
1570 51570
1571 51571
1572 51572
1573 51573
1574 51574
1575 51575
1576 51576
1577 51577
1578 51578
1579 51579
1580 51580
1581 51581
1582 51582
1583 51583
1584 51584
1585 51585
1586 51586
1587 51587
1588 51588
1589 51589
1590 51590
1591 51591
1592 51592
1593 51593
1594 51594
1595 51595
1596 51596
1597 51597
1598 51598
1599 51599
1600 51600
1601 51601
1602 51602
1603 51603
1604 51604
1605 51605
1606 51606
1607 51607
1608 51608
1609 51609
1610 51610
1611 51611
1612 51612
1613 51613
1614 51614
1615 51615
1616 51616
1617 51617
1618 51618
1619 51619
1620 51620
1621 51621
1622 51622
1623 51623
1624 51624
1625 51625
1626 51626
1627 51627
1628 51628
1629 51629
1630 51630
1631 51631
1632 51632
1633 51633
1634 51634
1635 51635
1636 51636
1637 51637
1638 51638
1639 51639
1640 51640
1641 51641
1642 51642
1643 51643
1644 51644
1645 51645
1646 51646
1647 51647
1648 51648
1649 51649
1650 51650
1651 51651
1652 51652
1653 51653
1654 51654
1655 51655
1656 51656
1657 51657
1658 51658
1659 51659
1660 51660
1661 51661
1662 51662
1663 51663
1664 51664
1665 51665
1666 51666
1667 51667
1668 51668
1669 51669
1670 51670
1671 51671
1672 51672
1673 51673
1674 51674
1675 51675
1676 51676
1677 51677
1678 51678
1679 51679
1680 51680
1681 51681
1682 51682
1683 51683
1684 51684
1685 51685
1686 51686
1687 51687
1688 51688
1689 51689
1690 51690
1691 51691
1692 51692
1693 51693
1694 51694
1695 51695
1696 51696
1697 51697
1698 51698
1699 51699
1700 51700
1701 51701
1702 51702
1703 51703
1704 51704
1705 51705
1706 51706
1707 51707
1708 51708
1709 51709
1710 51710
1711 51711
1712 51712
1713 51713
1714 51714
1715 51715
1716 51716
1717 51717
1718 51718
1719 51719
1720 51720
1721 51721
1722 51722
1723 51723
1724 51724
1725 51725
1726 51726
1727 51727
1728 51728
1729 51729
1730 51730
1731 51731
1732 51732
1733 51733
1734 51734
1735 51735
1736 51736
1737 51737
1738 51738
1739 51739
1740 51740
1741 51741
1742 51742
1743 51743
1744 51744
1745 51745
1746 51746
1747 51747
1748 51748
1749 51749
1750 51750
1751 51751
1752 51752
1753 51753
1754 51754
1755 51755
1756 51756
1757 51757
1758 51758
1759 51759
1760 51760
1761 51761
1762 51762
1763 51763
1764 51764
1765 51765
1766 51766
1767 51767
1768 51768
1769 51769
1770 51770
1771 51771
1772 51772
1773 51773
1774 51774
1775 51775
1776 51776
1777 51777
1778 51778
1779 51779
1780 51780
1781 51781
1782 51782
1783 51783
1784 51784
1785 51785
1786 51786
1787 51787
1788 51788
1789 51789
1790 51790
1791 51791
1792 51792
1793 51793
1794 51794
1795 51795
1796 51796
1797 51797
1798 51798
1799 51799
1800 51800
1801 51801
1802 51802
1803 51803
1804 51804
1805 51805
1806 51806
1807 51807
1808 51808
1809 51809
1810 51810
1811 51811
1812 51812
1813 51813
1814 51814
1815 51815
1816 51816
1817 51817
1818 51818
1819 51819
1820 51820
1821 51821
1822 51822
1823 51823
1824 51824
1825 51825
1826 51826
1827 51827
1828 51828
1829 51829
1830 51830
1831 51831
1832 51832
1833 51833
1834 51834
1835 51835
1836 51836
1837 51837
1838 51838
1839 51839
1840 51840
1841 51841
1842 51842
1843 51843
1844 51844
1845 51845
1846 51846
1847 51847
1848 51848
1849 51849
1850 51850
1851 51851
1852 51852
1853 51853
1854 51854
1855 51855
1856 51856
1857 51857
1858 51858
1859 51859
1860 51860
1861 51861
1862 51862
1863 51863
1864 51864
1865 51865
1866 51866
1867 51867
1868 51868
1869 51869
1870 51870
1871 51871
1872 51872
1873 51873
1874 51874
1875 51875
1876 51876
1877 51877
1878 51878
1879 51879
1880 51880
1881 51881
1882 51882
1883 51883
1884 51884
1885 51885
1886 51886
1887 51887
1888 51888
1889 51889
1890 51890
1891 51891
1892 51892
1893 51893
1894 51894
1895 51895
1896 51896
1897 51897
1898 51898
1899 51899
1900 51900
1901 51901
1902 51902
1903 51903
1904 51904
1905 51905
1906 51906
1907 51907
1908 51908
1909 51909
1910 51910
1911 51911
1912 51912
1913 51913
1914 51914
1915 51915
1916 51916
1917 51917
1918 51918
1919 51919
1920 51920
1921 51921
1922 51922
1923 51923
1924 51924
1925 51925
1926 51926
1927 51927
1928 51928
1929 51929
1930 51930
1931 51931
1932 51932
1933 51933
1934 51934
1935 51935
1936 51936
1937 51937
1938 51938
1939 51939
1940 51940
1941 51941
1942 51942
1943 51943
1944 51944
1945 51945
1946 51946
1947 51947
1948 51948
1949 51949
1950 51950
1951 51951
1952 51952
1953 51953
1954 51954
1955 51955
1956 51956
1957 51957
1958 51958
1959 51959
1960 51960
1961 51961
1962 51962
1963 51963
1964 51964
1965 51965
1966 51966
1967 51967
1968 51968
1969 51969
1970 51970
1971 51971
1972 51972
1973 51973
1974 51974
1975 51975
1976 51976
1977 51977
1978 51978
1979 51979
1980 51980
1981 51981
1982 51982
1983 51983
1984 51984
1985 51985
1986 51986
1987 51987
1988 51988
1989 51989
1990 51990
1991 51991
1992 51992
1993 51993
1994 51994
1995 51995
1996 51996
1997 51997
1998 51998
1999 51999
2000 52000
2001 52001
2002 52002
2003 52003
2004 52004
2005 52005
2006 52006
2007 52007
2008 52008
2009 52009
2010 52010
2011 52011
2012 52012
2013 52013
2014 52014
2015 52015
2016 52016
2017 52017
2018 52018
2019 52019
2020 52020
2021 52021
2022 52022
2023 52023
2024 52024
2025 52025
2026 52026
2027 52027
2028 52028
2029 52029
2030 52030
2031 52031
2032 52032
2033 52033
2034 52034
2035 52035
2036 52036
2037 52037
2038 52038
2039 52039
2040 52040
2041 52041
2042 52042
2043 52043
2044 52044
2045 52045
2046 52046
2047 52047
2048 52048
2049 52049
2050 52050
2051 52051
2052 52052
2053 52053
2054 52054
2055 52055
2056 52056
2057 52057
2058 52058
2059 52059
2060 52060
2061 52061
2062 52062
2063 52063
2064 52064
2065 52065
2066 52066
2067 52067
2068 52068
2069 52069
2070 52070
2071 52071
2072 52072
2073 52073
2074 52074
2075 52075
2076 52076
2077 52077
2078 52078
2079 52079
2080 52080
2081 52081
2082 52082
2083 52083
2084 52084
2085 52085
2086 52086
2087 52087
2088 52088
2089 52089
2090 52090
2091 52091
2092 52092
2093 52093
2094 52094
2095 52095
2096 52096
2097 52097
2098 52098
2099 52099
2100 52100
2101 52101
2102 52102
2103 52103
2104 52104
2105 52105
2106 52106
2107 52107
2108 52108
2109 52109
2110 52110
2111 52111
2112 52112
2113 52113
2114 52114
2115 52115
2116 52116
2117 52117
2118 52118
2119 52119
2120 52120
2121 52121
2122 52122
2123 52123
2124 52124
2125 52125
2126 52126
2127 52127
2128 52128
2129 52129
2130 52130
2131 52131
2132 52132
2133 52133
2134 52134
2135 52135
2136 52136
2137 52137
2138 52138
2139 52139
2140 52140
2141 52141
2142 52142
2143 52143
2144 52144
2145 52145
2146 52146
2147 52147
2148 52148
2149 52149
2150 52150
2151 52151
2152 52152
2153 52153
2154 52154
2155 52155
2156 52156
2157 52157
2158 52158
2159 52159
2160 52160
2161 52161
2162 52162
2163 52163
2164 52164
2165 52165
2166 52166
2167 52167
2168 52168
2169 52169
2170 52170
2171 52171
2172 52172
2173 52173
2174 52174
2175 52175
2176 52176
2177 52177
2178 52178
2179 52179
2180 52180
2181 52181
2182 52182
2183 52183
2184 52184
2185 52185
2186 52186
2187 52187
2188 52188
2189 52189
2190 52190
2191 52191
2192 52192
2193 52193
2194 52194
2195 52195
2196 52196
2197 52197
2198 52198
2199 52199
2200 52200
2201 52201
2202 52202
2203 52203
2204 52204
2205 52205
2206 52206
2207 52207
2208 52208
2209 52209
2210 52210
2211 52211
2212 52212
2213 52213
2214 52214
2215 52215
2216 52216
2217 52217
2218 52218
2219 52219
2220 52220
2221 52221
2222 52222
2223 52223
2224 52224
2225 52225
2226 52226
2227 52227
2228 52228
2229 52229
2230 52230
2231 52231
2232 52232
2233 52233
2234 52234
2235 52235
2236 52236
2237 52237
2238 52238
2239 52239
2240 52240
2241 52241
2242 52242
2243 52243
2244 52244
2245 52245
2246 52246
2247 52247
2248 52248
2249 52249
2250 52250
2251 52251
2252 52252
2253 52253
2254 52254
2255 52255
2256 52256
2257 52257
2258 52258
2259 52259
2260 52260
2261 52261
2262 52262
2263 52263
2264 52264
2265 52265
2266 52266
2267 52267
2268 52268
2269 52269
2270 52270
2271 52271
2272 52272
2273 52273
2274 52274
2275 52275
2276 52276
2277 52277
2278 52278
2279 52279
2280 52280
2281 52281
2282 52282
2283 52283
2284 52284
2285 52285
2286 52286
2287 52287
2288 52288
2289 52289
2290 52290
2291 52291
2292 52292
2293 52293
2294 52294
2295 52295
2296 52296
2297 52297
2298 52298
2299 52299
2300 52300
2301 52301
2302 52302
2303 52303
2304 52304
2305 52305
2306 52306
2307 52307
2308 52308
2309 52309
2310 52310
2311 52311
2312 52312
2313 52313
2314 52314
2315 52315
2316 52316
2317 52317
2318 52318
2319 52319
2320 52320
2321 52321
2322 52322
2323 52323
2324 52324
2325 52325
2326 52326
2327 52327
2328 52328
2329 52329
2330 52330
2331 52331
2332 52332
2333 52333
2334 52334
2335 52335
2336 52336
2337 52337
2338 52338
2339 52339
2340 52340
2341 52341
2342 52342
2343 52343
2344 52344
2345 52345
2346 52346
2347 52347
2348 52348
2349 52349
2350 52350
2351 52351
2352 52352
2353 52353
2354 52354
2355 52355
2356 52356
2357 52357
2358 52358
2359 52359
2360 52360
2361 52361
2362 52362
2363 52363
2364 52364
2365 52365
2366 52366
2367 52367
2368 52368
2369 52369
2370 52370
2371 52371
2372 52372
2373 52373
2374 52374
2375 52375
2376 52376
2377 52377
2378 52378
2379 52379
2380 52380
2381 52381
2382 52382
2383 52383
2384 52384
2385 52385
2386 52386
2387 52387
2388 52388
2389 52389
2390 52390
2391 52391
2392 52392
2393 52393
2394 52394
2395 52395
2396 52396
2397 52397
2398 52398
2399 52399
2400 52400
2401 52401
2402 52402
2403 52403
2404 52404
2405 52405
2406 52406
2407 52407
2408 52408
2409 52409
2410 52410
2411 52411
2412 52412
2413 52413
2414 52414
2415 52415
2416 52416
2417 52417
2418 52418
2419 52419
2420 52420
2421 52421
2422 52422
2423 52423
2424 52424
2425 52425
2426 52426
2427 52427
2428 52428
2429 52429
2430 52430
2431 52431
2432 52432
2433 52433
2434 52434
2435 52435
2436 52436
2437 52437
2438 52438
2439 52439
2440 52440
2441 52441
2442 52442
2443 52443
2444 52444
2445 52445
2446 52446
2447 52447
2448 52448
2449 52449
2450 52450
2451 52451
2452 52452
2453 52453
2454 52454
2455 52455
2456 52456
2457 52457
2458 52458
2459 52459
2460 52460
2461 52461
2462 52462
2463 52463
2464 52464
2465 52465
2466 52466
2467 52467
2468 52468
2469 52469
2470 52470
2471 52471
2472 52472
2473 52473
2474 52474
2475 52475
2476 52476
2477 52477
2478 52478
2479 52479
2480 52480
2481 52481
2482 52482
2483 52483
2484 52484
2485 52485
2486 52486
2487 52487
2488 52488
2489 52489
2490 52490
2491 52491
2492 52492
2493 52493
2494 52494
2495 52495
2496 52496
2497 52497
2498 52498
2499 52499
2500 52500
2501 52501
2502 52502
2503 52503
2504 52504
2505 52505
2506 52506
2507 52507
2508 52508
2509 52509
2510 52510
2511 52511
2512 52512
2513 52513
2514 52514
2515 52515
2516 52516
2517 52517
2518 52518
2519 52519
2520 52520
2521 52521
2522 52522
2523 52523
2524 52524
2525 52525
2526 52526
2527 52527
2528 52528
2529 52529
2530 52530
2531 52531
2532 52532
2533 52533
2534 52534
2535 52535
2536 52536
2537 52537
2538 52538
2539 52539
2540 52540
2541 52541
2542 52542
2543 52543
2544 52544
2545 52545
2546 52546
2547 52547
2548 52548
2549 52549
2550 52550
2551 52551
2552 52552
2553 52553
2554 52554
2555 52555
2556 52556
2557 52557
2558 52558
2559 52559
2560 52560
2561 52561
2562 52562
2563 52563
2564 52564
2565 52565
2566 52566
2567 52567
2568 52568
2569 52569
2570 52570
2571 52571
2572 52572
2573 52573
2574 52574
2575 52575
2576 52576
2577 52577
2578 52578
2579 52579
2580 52580
2581 52581
2582 52582
2583 52583
2584 52584
2585 52585
2586 52586
2587 52587
2588 52588
2589 52589
2590 52590
2591 52591
2592 52592
2593 52593
2594 52594
2595 52595
2596 52596
2597 52597
2598 52598
2599 52599
2600 52600
2601 52601
2602 52602
2603 52603
2604 52604
2605 52605
2606 52606
2607 52607
2608 52608
2609 52609
2610 52610
2611 52611
2612 52612
2613 52613
2614 52614
2615 52615
2616 52616
2617 52617
2618 52618
2619 52619
2620 52620
2621 52621
2622 52622
2623 52623
2624 52624
2625 52625
2626 52626
2627 52627
2628 52628
2629 52629
2630 52630
2631 52631
2632 52632
2633 52633
2634 52634
2635 52635
2636 52636
2637 52637
2638 52638
2639 52639
2640 52640
2641 52641
2642 52642
2643 52643
2644 52644
2645 52645
2646 52646
2647 52647
2648 52648
2649 52649
2650 52650
2651 52651
2652 52652
2653 52653
2654 52654
2655 52655
2656 52656
2657 52657
2658 52658
2659 52659
2660 52660
2661 52661
2662 52662
2663 52663
2664 52664
2665 52665
2666 52666
2667 52667
2668 52668
2669 52669
2670 52670
2671 52671
2672 52672
2673 52673
2674 52674
2675 52675
2676 52676
2677 52677
2678 52678
2679 52679
2680 52680
2681 52681
2682 52682
2683 52683
2684 52684
2685 52685
2686 52686
2687 52687
2688 52688
2689 52689
2690 52690
2691 52691
2692 52692
2693 52693
2694 52694
2695 52695
2696 52696
2697 52697
2698 52698
2699 52699
2700 52700
2701 52701
2702 52702
2703 52703
2704 52704
2705 52705
2706 52706
2707 52707
2708 52708
2709 52709
2710 52710
2711 52711
2712 52712
2713 52713
2714 52714
2715 52715
2716 52716
2717 52717
2718 52718
2719 52719
2720 52720
2721 52721
2722 52722
2723 52723
2724 52724
2725 52725
2726 52726
2727 52727
2728 52728
2729 52729
2730 52730
2731 52731
2732 52732
2733 52733
2734 52734
2735 52735
2736 52736
2737 52737
2738 52738
2739 52739
2740 52740
2741 52741
2742 52742
2743 52743
2744 52744
2745 52745
2746 52746
2747 52747
2748 52748
2749 52749
2750 52750
2751 52751
2752 52752
2753 52753
2754 52754
2755 52755
2756 52756
2757 52757
2758 52758
2759 52759
2760 52760
2761 52761
2762 52762
2763 52763
2764 52764
2765 52765
2766 52766
2767 52767
2768 52768
2769 52769
2770 52770
2771 52771
2772 52772
2773 52773
2774 52774
2775 52775
2776 52776
2777 52777
2778 52778
2779 52779
2780 52780
2781 52781
2782 52782
2783 52783
2784 52784
2785 52785
2786 52786
2787 52787
2788 52788
2789 52789
2790 52790
2791 52791
2792 52792
2793 52793
2794 52794
2795 52795
2796 52796
2797 52797
2798 52798
2799 52799
2800 52800
2801 52801
2802 52802
2803 52803
2804 52804
2805 52805
2806 52806
2807 52807
2808 52808
2809 52809
2810 52810
2811 52811
2812 52812
2813 52813
2814 52814
2815 52815
2816 52816
2817 52817
2818 52818
2819 52819
2820 52820
2821 52821
2822 52822
2823 52823
2824 52824
2825 52825
2826 52826
2827 52827
2828 52828
2829 52829
2830 52830
2831 52831
2832 52832
2833 52833
2834 52834
2835 52835
2836 52836
2837 52837
2838 52838
2839 52839
2840 52840
2841 52841
2842 52842
2843 52843
2844 52844
2845 52845
2846 52846
2847 52847
2848 52848
2849 52849
2850 52850
2851 52851
2852 52852
2853 52853
2854 52854
2855 52855
2856 52856
2857 52857
2858 52858
2859 52859
2860 52860
2861 52861
2862 52862
2863 52863
2864 52864
2865 52865
2866 52866
2867 52867
2868 52868
2869 52869
2870 52870
2871 52871
2872 52872
2873 52873
2874 52874
2875 52875
2876 52876
2877 52877
2878 52878
2879 52879
2880 52880
2881 52881
2882 52882
2883 52883
2884 52884
2885 52885
2886 52886
2887 52887
2888 52888
2889 52889
2890 52890
2891 52891
2892 52892
2893 52893
2894 52894
2895 52895
2896 52896
2897 52897
2898 52898
2899 52899
2900 52900
2901 52901
2902 52902
2903 52903
2904 52904
2905 52905
2906 52906
2907 52907
2908 52908
2909 52909
2910 52910
2911 52911
2912 52912
2913 52913
2914 52914
2915 52915
2916 52916
2917 52917
2918 52918
2919 52919
2920 52920
2921 52921
2922 52922
2923 52923
2924 52924
2925 52925
2926 52926
2927 52927
2928 52928
2929 52929
2930 52930
2931 52931
2932 52932
2933 52933
2934 52934
2935 52935
2936 52936
2937 52937
2938 52938
2939 52939
2940 52940
2941 52941
2942 52942
2943 52943
2944 52944
2945 52945
2946 52946
2947 52947
2948 52948
2949 52949
2950 52950
2951 52951
2952 52952
2953 52953
2954 52954
2955 52955
2956 52956
2957 52957
2958 52958
2959 52959
2960 52960
2961 52961
2962 52962
2963 52963
2964 52964
2965 52965
2966 52966
2967 52967
2968 52968
2969 52969
2970 52970
2971 52971
2972 52972
2973 52973
2974 52974
2975 52975
2976 52976
2977 52977
2978 52978
2979 52979
2980 52980
2981 52981
2982 52982
2983 52983
2984 52984
2985 52985
2986 52986
2987 52987
2988 52988
2989 52989
2990 52990
2991 52991
2992 52992
2993 52993
2994 52994
2995 52995
2996 52996
2997 52997
2998 52998
2999 52999
3000 53000
3001 53001
3002 53002
3003 53003
3004 53004
3005 53005
3006 53006
3007 53007
3008 53008
3009 53009
3010 53010
3011 53011
3012 53012
3013 53013
3014 53014
3015 53015
3016 53016
3017 53017
3018 53018
3019 53019
3020 53020
3021 53021
3022 53022
3023 53023
3024 53024
3025 53025
3026 53026
3027 53027
3028 53028
3029 53029
3030 53030
3031 53031
3032 53032
3033 53033
3034 53034
3035 53035
3036 53036
3037 53037
3038 53038
3039 53039
3040 53040
3041 53041
3042 53042
3043 53043
3044 53044
3045 53045
3046 53046
3047 53047
3048 53048
3049 53049
3050 53050
3051 53051
3052 53052
3053 53053
3054 53054
3055 53055
3056 53056
3057 53057
3058 53058
3059 53059
3060 53060
3061 53061
3062 53062
3063 53063
3064 53064
3065 53065
3066 53066
3067 53067
3068 53068
3069 53069
3070 53070
3071 53071
3072 53072
3073 53073
3074 53074
3075 53075
3076 53076
3077 53077
3078 53078
3079 53079
3080 53080
3081 53081
3082 53082
3083 53083
3084 53084
3085 53085
3086 53086
3087 53087
3088 53088
3089 53089
3090 53090
3091 53091
3092 53092
3093 53093
3094 53094
3095 53095
3096 53096
3097 53097
3098 53098
3099 53099
3100 53100
3101 53101
3102 53102
3103 53103
3104 53104
3105 53105
3106 53106
3107 53107
3108 53108
3109 53109
3110 53110
3111 53111
3112 53112
3113 53113
3114 53114
3115 53115
3116 53116
3117 53117
3118 53118
3119 53119
3120 53120
3121 53121
3122 53122
3123 53123
3124 53124
3125 53125
3126 53126
3127 53127
3128 53128
3129 53129
3130 53130
3131 53131
3132 53132
3133 53133
3134 53134
3135 53135
3136 53136
3137 53137
3138 53138
3139 53139
3140 53140
3141 53141
3142 53142
3143 53143
3144 53144
3145 53145
3146 53146
3147 53147
3148 53148
3149 53149
3150 53150
3151 53151
3152 53152
3153 53153
3154 53154
3155 53155
3156 53156
3157 53157
3158 53158
3159 53159
3160 53160
3161 53161
3162 53162
3163 53163
3164 53164
3165 53165
3166 53166
3167 53167
3168 53168
3169 53169
3170 53170
3171 53171
3172 53172
3173 53173
3174 53174
3175 53175
3176 53176
3177 53177
3178 53178
3179 53179
3180 53180
3181 53181
3182 53182
3183 53183
3184 53184
3185 53185
3186 53186
3187 53187
3188 53188
3189 53189
3190 53190
3191 53191
3192 53192
3193 53193
3194 53194
3195 53195
3196 53196
3197 53197
3198 53198
3199 53199
3200 53200
3201 53201
3202 53202
3203 53203
3204 53204
3205 53205
3206 53206
3207 53207
3208 53208
3209 53209
3210 53210
3211 53211
3212 53212
3213 53213
3214 53214
3215 53215
3216 53216
3217 53217
3218 53218
3219 53219
3220 53220
3221 53221
3222 53222
3223 53223
3224 53224
3225 53225
3226 53226
3227 53227
3228 53228
3229 53229
3230 53230
3231 53231
3232 53232
3233 53233
3234 53234
3235 53235
3236 53236
3237 53237
3238 53238
3239 53239
3240 53240
3241 53241
3242 53242
3243 53243
3244 53244
3245 53245
3246 53246
3247 53247
3248 53248
3249 53249
3250 53250
3251 53251
3252 53252
3253 53253
3254 53254
3255 53255
3256 53256
3257 53257
3258 53258
3259 53259
3260 53260
3261 53261
3262 53262
3263 53263
3264 53264
3265 53265
3266 53266
3267 53267
3268 53268
3269 53269
3270 53270
3271 53271
3272 53272
3273 53273
3274 53274
3275 53275
3276 53276
3277 53277
3278 53278
3279 53279
3280 53280
3281 53281
3282 53282
3283 53283
3284 53284
3285 53285
3286 53286
3287 53287
3288 53288
3289 53289
3290 53290
3291 53291
3292 53292
3293 53293
3294 53294
3295 53295
3296 53296
3297 53297
3298 53298
3299 53299
3300 53300
3301 53301
3302 53302
3303 53303
3304 53304
3305 53305
3306 53306
3307 53307
3308 53308
3309 53309
3310 53310
3311 53311
3312 53312
3313 53313
3314 53314
3315 53315
3316 53316
3317 53317
3318 53318
3319 53319
3320 53320
3321 53321
3322 53322
3323 53323
3324 53324
3325 53325
3326 53326
3327 53327
3328 53328
3329 53329
3330 53330
3331 53331
3332 53332
3333 53333
3334 53334
3335 53335
3336 53336
3337 53337
3338 53338
3339 53339
3340 53340
3341 53341
3342 53342
3343 53343
3344 53344
3345 53345
3346 53346
3347 53347
3348 53348
3349 53349
3350 53350
3351 53351
3352 53352
3353 53353
3354 53354
3355 53355
3356 53356
3357 53357
3358 53358
3359 53359
3360 53360
3361 53361
3362 53362
3363 53363
3364 53364
3365 53365
3366 53366
3367 53367
3368 53368
3369 53369
3370 53370
3371 53371
3372 53372
3373 53373
3374 53374
3375 53375
3376 53376
3377 53377
3378 53378
3379 53379
3380 53380
3381 53381
3382 53382
3383 53383
3384 53384
3385 53385
3386 53386
3387 53387
3388 53388
3389 53389
3390 53390
3391 53391
3392 53392
3393 53393
3394 53394
3395 53395
3396 53396
3397 53397
3398 53398
3399 53399
3400 53400
3401 53401
3402 53402
3403 53403
3404 53404
3405 53405
3406 53406
3407 53407
3408 53408
3409 53409
3410 53410
3411 53411
3412 53412
3413 53413
3414 53414
3415 53415
3416 53416
3417 53417
3418 53418
3419 53419
3420 53420
3421 53421
3422 53422
3423 53423
3424 53424
3425 53425
3426 53426
3427 53427
3428 53428
3429 53429
3430 53430
3431 53431
3432 53432
3433 53433
3434 53434
3435 53435
3436 53436
3437 53437
3438 53438
3439 53439
3440 53440
3441 53441
3442 53442
3443 53443
3444 53444
3445 53445
3446 53446
3447 53447
3448 53448
3449 53449
3450 53450
3451 53451
3452 53452
3453 53453
3454 53454
3455 53455
3456 53456
3457 53457
3458 53458
3459 53459
3460 53460
3461 53461
3462 53462
3463 53463
3464 53464
3465 53465
3466 53466
3467 53467
3468 53468
3469 53469
3470 53470
3471 53471
3472 53472
3473 53473
3474 53474
3475 53475
3476 53476
3477 53477
3478 53478
3479 53479
3480 53480
3481 53481
3482 53482
3483 53483
3484 53484
3485 53485
3486 53486
3487 53487
3488 53488
3489 53489
3490 53490
3491 53491
3492 53492
3493 53493
3494 53494
3495 53495
3496 53496
3497 53497
3498 53498
3499 53499
3500 53500
3501 53501
3502 53502
3503 53503
3504 53504
3505 53505
3506 53506
3507 53507
3508 53508
3509 53509
3510 53510
3511 53511
3512 53512
3513 53513
3514 53514
3515 53515
3516 53516
3517 53517
3518 53518
3519 53519
3520 53520
3521 53521
3522 53522
3523 53523
3524 53524
3525 53525
3526 53526
3527 53527
3528 53528
3529 53529
3530 53530
3531 53531
3532 53532
3533 53533
3534 53534
3535 53535
3536 53536
3537 53537
3538 53538
3539 53539
3540 53540
3541 53541
3542 53542
3543 53543
3544 53544
3545 53545
3546 53546
3547 53547
3548 53548
3549 53549
3550 53550
3551 53551
3552 53552
3553 53553
3554 53554
3555 53555
3556 53556
3557 53557
3558 53558
3559 53559
3560 53560
3561 53561
3562 53562
3563 53563
3564 53564
3565 53565
3566 53566
3567 53567
3568 53568
3569 53569
3570 53570
3571 53571
3572 53572
3573 53573
3574 53574
3575 53575
3576 53576
3577 53577
3578 53578
3579 53579
3580 53580
3581 53581
3582 53582
3583 53583
3584 53584
3585 53585
3586 53586
3587 53587
3588 53588
3589 53589
3590 53590
3591 53591
3592 53592
3593 53593
3594 53594
3595 53595
3596 53596
3597 53597
3598 53598
3599 53599
3600 53600
3601 53601
3602 53602
3603 53603
3604 53604
3605 53605
3606 53606
3607 53607
3608 53608
3609 53609
3610 53610
3611 53611
3612 53612
3613 53613
3614 53614
3615 53615
3616 53616
3617 53617
3618 53618
3619 53619
3620 53620
3621 53621
3622 53622
3623 53623
3624 53624
3625 53625
3626 53626
3627 53627
3628 53628
3629 53629
3630 53630
3631 53631
3632 53632
3633 53633
3634 53634
3635 53635
3636 53636
3637 53637
3638 53638
3639 53639
3640 53640
3641 53641
3642 53642
3643 53643
3644 53644
3645 53645
3646 53646
3647 53647
3648 53648
3649 53649
3650 53650
3651 53651
3652 53652
3653 53653
3654 53654
3655 53655
3656 53656
3657 53657
3658 53658
3659 53659
3660 53660
3661 53661
3662 53662
3663 53663
3664 53664
3665 53665
3666 53666
3667 53667
3668 53668
3669 53669
3670 53670
3671 53671
3672 53672
3673 53673
3674 53674
3675 53675
3676 53676
3677 53677
3678 53678
3679 53679
3680 53680
3681 53681
3682 53682
3683 53683
3684 53684
3685 53685
3686 53686
3687 53687
3688 53688
3689 53689
3690 53690
3691 53691
3692 53692
3693 53693
3694 53694
3695 53695
3696 53696
3697 53697
3698 53698
3699 53699
3700 53700
3701 53701
3702 53702
3703 53703
3704 53704
3705 53705
3706 53706
3707 53707
3708 53708
3709 53709
3710 53710
3711 53711
3712 53712
3713 53713
3714 53714
3715 53715
3716 53716
3717 53717
3718 53718
3719 53719
3720 53720
3721 53721
3722 53722
3723 53723
3724 53724
3725 53725
3726 53726
3727 53727
3728 53728
3729 53729
3730 53730
3731 53731
3732 53732
3733 53733
3734 53734
3735 53735
3736 53736
3737 53737
3738 53738
3739 53739
3740 53740
3741 53741
3742 53742
3743 53743
3744 53744
3745 53745
3746 53746
3747 53747
3748 53748
3749 53749
3750 53750
3751 53751
3752 53752
3753 53753
3754 53754
3755 53755
3756 53756
3757 53757
3758 53758
3759 53759
3760 53760
3761 53761
3762 53762
3763 53763
3764 53764
3765 53765
3766 53766
3767 53767
3768 53768
3769 53769
3770 53770
3771 53771
3772 53772
3773 53773
3774 53774
3775 53775
3776 53776
3777 53777
3778 53778
3779 53779
3780 53780
3781 53781
3782 53782
3783 53783
3784 53784
3785 53785
3786 53786
3787 53787
3788 53788
3789 53789
3790 53790
3791 53791
3792 53792
3793 53793
3794 53794
3795 53795
3796 53796
3797 53797
3798 53798
3799 53799
3800 53800
3801 53801
3802 53802
3803 53803
3804 53804
3805 53805
3806 53806
3807 53807
3808 53808
3809 53809
3810 53810
3811 53811
3812 53812
3813 53813
3814 53814
3815 53815
3816 53816
3817 53817
3818 53818
3819 53819
3820 53820
3821 53821
3822 53822
3823 53823
3824 53824
3825 53825
3826 53826
3827 53827
3828 53828
3829 53829
3830 53830
3831 53831
3832 53832
3833 53833
3834 53834
3835 53835
3836 53836
3837 53837
3838 53838
3839 53839
3840 53840
3841 53841
3842 53842
3843 53843
3844 53844
3845 53845
3846 53846
3847 53847
3848 53848
3849 53849
3850 53850
3851 53851
3852 53852
3853 53853
3854 53854
3855 53855
3856 53856
3857 53857
3858 53858
3859 53859
3860 53860
3861 53861
3862 53862
3863 53863
3864 53864
3865 53865
3866 53866
3867 53867
3868 53868
3869 53869
3870 53870
3871 53871
3872 53872
3873 53873
3874 53874
3875 53875
3876 53876
3877 53877
3878 53878
3879 53879
3880 53880
3881 53881
3882 53882
3883 53883
3884 53884
3885 53885
3886 53886
3887 53887
3888 53888
3889 53889
3890 53890
3891 53891
3892 53892
3893 53893
3894 53894
3895 53895
3896 53896
3897 53897
3898 53898
3899 53899
3900 53900
3901 53901
3902 53902
3903 53903
3904 53904
3905 53905
3906 53906
3907 53907
3908 53908
3909 53909
3910 53910
3911 53911
3912 53912
3913 53913
3914 53914
3915 53915
3916 53916
3917 53917
3918 53918
3919 53919
3920 53920
3921 53921
3922 53922
3923 53923
3924 53924
3925 53925
3926 53926
3927 53927
3928 53928
3929 53929
3930 53930
3931 53931
3932 53932
3933 53933
3934 53934
3935 53935
3936 53936
3937 53937
3938 53938
3939 53939
3940 53940
3941 53941
3942 53942
3943 53943
3944 53944
3945 53945
3946 53946
3947 53947
3948 53948
3949 53949
3950 53950
3951 53951
3952 53952
3953 53953
3954 53954
3955 53955
3956 53956
3957 53957
3958 53958
3959 53959
3960 53960
3961 53961
3962 53962
3963 53963
3964 53964
3965 53965
3966 53966
3967 53967
3968 53968
3969 53969
3970 53970
3971 53971
3972 53972
3973 53973
3974 53974
3975 53975
3976 53976
3977 53977
3978 53978
3979 53979
3980 53980
3981 53981
3982 53982
3983 53983
3984 53984
3985 53985
3986 53986
3987 53987
3988 53988
3989 53989
3990 53990
3991 53991
3992 53992
3993 53993
3994 53994
3995 53995
3996 53996
3997 53997
3998 53998
3999 53999
4000 54000
4001 54001
4002 54002
4003 54003
4004 54004
4005 54005
4006 54006
4007 54007
4008 54008
4009 54009
4010 54010
4011 54011
4012 54012
4013 54013
4014 54014
4015 54015
4016 54016
4017 54017
4018 54018
4019 54019
4020 54020
4021 54021
4022 54022
4023 54023
4024 54024
4025 54025
4026 54026
4027 54027
4028 54028
4029 54029
4030 54030
4031 54031
4032 54032
4033 54033
4034 54034
4035 54035
4036 54036
4037 54037
4038 54038
4039 54039
4040 54040
4041 54041
4042 54042
4043 54043
4044 54044
4045 54045
4046 54046
4047 54047
4048 54048
4049 54049
4050 54050
4051 54051
4052 54052
4053 54053
4054 54054
4055 54055
4056 54056
4057 54057
4058 54058
4059 54059
4060 54060
4061 54061
4062 54062
4063 54063
4064 54064
4065 54065
4066 54066
4067 54067
4068 54068
4069 54069
4070 54070
4071 54071
4072 54072
4073 54073
4074 54074
4075 54075
4076 54076
4077 54077
4078 54078
4079 54079
4080 54080
4081 54081
4082 54082
4083 54083
4084 54084
4085 54085
4086 54086
4087 54087
4088 54088
4089 54089
4090 54090
4091 54091
4092 54092
4093 54093
4094 54094
4095 54095
4096 54096
4097 54097
4098 54098
4099 54099
4100 54100
4101 54101
4102 54102
4103 54103
4104 54104
4105 54105
4106 54106
4107 54107
4108 54108
4109 54109
4110 54110
4111 54111
4112 54112
4113 54113
4114 54114
4115 54115
4116 54116
4117 54117
4118 54118
4119 54119
4120 54120
4121 54121
4122 54122
4123 54123
4124 54124
4125 54125
4126 54126
4127 54127
4128 54128
4129 54129
4130 54130
4131 54131
4132 54132
4133 54133
4134 54134
4135 54135
4136 54136
4137 54137
4138 54138
4139 54139
4140 54140
4141 54141
4142 54142
4143 54143
4144 54144
4145 54145
4146 54146
4147 54147
4148 54148
4149 54149
4150 54150
4151 54151
4152 54152
4153 54153
4154 54154
4155 54155
4156 54156
4157 54157
4158 54158
4159 54159
4160 54160
4161 54161
4162 54162
4163 54163
4164 54164
4165 54165
4166 54166
4167 54167
4168 54168
4169 54169
4170 54170
4171 54171
4172 54172
4173 54173
4174 54174
4175 54175
4176 54176
4177 54177
4178 54178
4179 54179
4180 54180
4181 54181
4182 54182
4183 54183
4184 54184
4185 54185
4186 54186
4187 54187
4188 54188
4189 54189
4190 54190
4191 54191
4192 54192
4193 54193
4194 54194
4195 54195
4196 54196
4197 54197
4198 54198
4199 54199
4200 54200
4201 54201
4202 54202
4203 54203
4204 54204
4205 54205
4206 54206
4207 54207
4208 54208
4209 54209
4210 54210
4211 54211
4212 54212
4213 54213
4214 54214
4215 54215
4216 54216
4217 54217
4218 54218
4219 54219
4220 54220
4221 54221
4222 54222
4223 54223
4224 54224
4225 54225
4226 54226
4227 54227
4228 54228
4229 54229
4230 54230
4231 54231
4232 54232
4233 54233
4234 54234
4235 54235
4236 54236
4237 54237
4238 54238
4239 54239
4240 54240
4241 54241
4242 54242
4243 54243
4244 54244
4245 54245
4246 54246
4247 54247
4248 54248
4249 54249
4250 54250
4251 54251
4252 54252
4253 54253
4254 54254
4255 54255
4256 54256
4257 54257
4258 54258
4259 54259
4260 54260
4261 54261
4262 54262
4263 54263
4264 54264
4265 54265
4266 54266
4267 54267
4268 54268
4269 54269
4270 54270
4271 54271
4272 54272
4273 54273
4274 54274
4275 54275
4276 54276
4277 54277
4278 54278
4279 54279
4280 54280
4281 54281
4282 54282
4283 54283
4284 54284
4285 54285
4286 54286
4287 54287
4288 54288
4289 54289
4290 54290
4291 54291
4292 54292
4293 54293
4294 54294
4295 54295
4296 54296
4297 54297
4298 54298
4299 54299
4300 54300
4301 54301
4302 54302
4303 54303
4304 54304
4305 54305
4306 54306
4307 54307
4308 54308
4309 54309
4310 54310
4311 54311
4312 54312
4313 54313
4314 54314
4315 54315
4316 54316
4317 54317
4318 54318
4319 54319
4320 54320
4321 54321
4322 54322
4323 54323
4324 54324
4325 54325
4326 54326
4327 54327
4328 54328
4329 54329
4330 54330
4331 54331
4332 54332
4333 54333
4334 54334
4335 54335
4336 54336
4337 54337
4338 54338
4339 54339
43
